# LAS format log file from PETREL
# Project units are specified as depth units
#==================================================================
~Version information
VERS.   2.0:
WRAP.   NO:
#==================================================================
~Well
STRT .m      3410.4384972 :
STOP .m      3584.7894498 :
STEP .m     0.00000000 :
NULL .        -999.250000 :
COMP.           : COMPANY
WELL.  inj-1   : WELL
FLD.            : FIELD
LOC.            : LOCATION
SRVC.           : SERVICE COMPANY
DATE.  2018-03-12 07:21:50   : Log Export Date {yyyy-MM-dd HH:mm:ss}
PROV.           : PROVINCE
UWI.      : UNIQUE WELL ID
API.            : API NUMBER
#==================================================================
~Curve
DEPT .m                   : DEPTH
Estimatedlog .us/ft       : Estimated log
Permeability .mD          : Permeability
Porosity .m3/m3           : Porosity
UCF_D .                   : UCF_D
Permeability_Z .mD        : Permeability_Z
Intensity .               : Intensity
~Parameter
#==================================================================
~Ascii
 3410.4384972  -999.250000 240.95164490 0.1405282319 1.0000000000 9.6380653381 0.0028801730
 3412.6349665  -999.250000 240.95164490 0.1405282319 1.0000000000 9.6380653381 0.0028801730
 3412.6371652  -999.250000 261.06134033 0.2041546702 1.0000000000 10.442453384 0.0026191722
 3414.8319793  -999.250000 261.06134033 0.2041546702 1.0000000000 10.442453384 0.0026191722
 3414.8341763  -999.250000 280.98983765 0.1935579926 1.0000000000 11.239593506 0.0053486046
 3415.9569888  -999.250000 280.98983765 0.1935579926 1.0000000000 11.239593506 0.0053486046
 3415.9581127  -999.250000 285.16503906 0.2147579044 1.0000000000 11.406601906 0.0032737069
 3417.0273653  -999.250000 285.16503906 0.2147579044 1.0000000000 11.406601906 0.0032737069
 3417.0284356  -999.250000 253.53067017 0.2196902782 1.0000000000 10.141226768 0.0017222380
 3419.2180007  -999.250000 253.53067017 0.2196902782 1.0000000000 10.141226768 0.0017222380
 3419.2201924  -999.250000 60.024929047 0.1509965807 2.0000000000 2.4009971619 0.0052379100
 3421.4085651  -999.250000 60.024929047 0.1509965807 2.0000000000 2.4009971619 0.0052379100
 3421.4107557  -999.250000 6714.7333984 0.2383392006 4.0000000000 268.58932495 0.0030967963
 3423.5981077  -999.250000 6714.7333984 0.2383392006 4.0000000000 268.58932495 0.0030967963
 3423.6002973  -999.250000 64.788818359 0.1005094424 2.0000000000 2.5915527344 0.0043007615
 3425.7865650  -999.250000 64.788818359 0.1005094424 2.0000000000 2.5915527344 0.0043007615
 3425.7887535  -999.250000 225.69169617 0.2177665234 1.0000000000 9.0276679993 0.0036512096
 3427.9738532  -999.250000 225.69169617 0.2177665234 1.0000000000 9.0276679993 0.0036512096
 3427.9760404  -999.250000 0.0000000000 0.0000000000 3.0000000000 0.0000000000 0.0034540922
 3430.1601507  -999.250000 0.0000000000 0.0000000000 3.0000000000 0.0000000000 0.0034540922
 3430.1623370  -999.250000 0.0000000000 0.0000000000 3.0000000000 0.0000000000 0.0045839171
 3432.3453475  -999.250000 0.0000000000 0.0000000000 3.0000000000 0.0000000000 0.0045839171
 3432.3475327  -999.250000 0.0000000000 0.0000000000 3.0000000000 0.0000000000 0.0027215045
 3434.5293651  -999.250000 0.0000000000 0.0000000000 3.0000000000 0.0000000000 0.0027215045
 3434.5315491  -999.250000 0.0000000000 0.0000000000 3.0000000000 0.0000000000 0.0047558793
 3436.7124171  -999.250000 0.0000000000 0.0000000000 3.0000000000 0.0000000000 0.0047558793
 3436.7146001  -999.250000 251.54951477 0.2081932575 1.0000000000 10.061980247 0.0026027232
 3438.8943914  -999.250000 251.54951477 0.2081932575 1.0000000000 10.061980247 0.0026027232
 3438.8965734  -999.250000 138.37519836 0.1842871308 1.0000000000 5.5350079536 0.0041982573
 3441.0751796  -999.250000 138.37519836 0.1842871308 1.0000000000 5.5350079536 0.0041982573
 3441.0773604  -999.250000 144.85113525 0.1348870099 1.0000000000 5.7940454483 0.0026020394
 3443.2549988  -999.250000 144.85113525 0.1348870099 1.0000000000 5.7940454483 0.0026020394
 3443.2571786  -999.250000 62.002746582 0.1418751180 2.0000000000 2.4801099300 0.0053542131
 3445.4337573  -999.250000 62.002746582 0.1418751180 2.0000000000 2.4801099300 0.0053542131
 3445.4359360  -999.250000 78.288909912 0.2245464176 2.0000000000 3.1315565109 0.0037442816
 3447.6113449  -999.250000 78.288909912 0.2245464176 2.0000000000 3.1315565109 0.0037442816
 3447.6135224  -999.250000 81.249435425 0.1950905472 2.0000000000 3.2499773502 0.0029348009
 3449.7879662  -999.250000 81.249435425 0.1950905472 2.0000000000 3.2499773502 0.0029348009
 3449.7901428  -999.250000 70.718353271 0.1188387424 2.0000000000 2.8287341595 0.0010764975
 3451.9635277  -999.250000 70.718353271 0.1188387424 2.0000000000 2.8287341595 0.0010764975
 3451.9657033  -999.250000 64.321609497 0.1676054299 2.0000000000 2.5728642941 0.0029297685
 3454.1379276  -999.250000 64.321609497 0.1676054299 2.0000000000 2.5728642941 0.0029297685
 3454.1401020  -999.250000 0.0000000000 0.0000000000 3.0000000000 0.0000000000 0.0032906653
 3454.6626582  -999.250000 0.0000000000 0.0000000000 3.0000000000 0.0000000000 0.0032906653
 3454.6631813  -999.250000 0.0000000000 0.0000000000 3.0000000000 0.0000000000 0.0027950814
 3456.3391904  -999.250000 0.0000000000 0.0000000000 3.0000000000 0.0000000000 0.0027950814
 3456.3408680  -999.250000 0.0000000000 0.0000000000 3.0000000000 0.0000000000 0.0021359860
 3458.5469681  -999.250000 0.0000000000 0.0000000000 3.0000000000 0.0000000000 0.0021359860
 3458.5491765  -999.250000 312.29431152 0.1934231222 1.0000000000 12.491772652 0.0030896782
 3460.7541777  -999.250000 312.29431152 0.1934231222 1.0000000000 12.491772652 0.0030896782
 3460.7563850  -999.250000 134.05218506 0.1777640879 1.0000000000 5.3620872498 0.0016313235
 3462.9601800  -999.250000 134.05218506 0.1777640879 1.0000000000 5.3620872498 0.0016313235
 3462.9623860  -999.250000 0.0000000000 0.0000000000 3.0000000000 0.0000000000 0.0021295918
 3465.1651870  -999.250000 0.0000000000 0.0000000000 3.0000000000 0.0000000000 0.0021295918
 3465.1673920  -999.250000 400.96401978 0.2571439743 1.0000000000 16.038560867 0.0024301917
 3467.3691065  -999.250000 400.96401978 0.2571439743 1.0000000000 16.038560867 0.0024301917
 3467.3713104  -999.250000 191.80244446 0.2118757367 1.0000000000 7.6720976830 0.0045364248
 3469.5718246  -999.250000 191.80244446 0.2118757367 1.0000000000 7.6720976830 0.0045364248
 3469.5740273  -999.250000 0.0000000000 0.0000000000 3.0000000000 0.0000000000 0.0023596687
 3471.7735521  -999.250000 0.0000000000 0.0000000000 3.0000000000 0.0000000000 0.0023596687
 3471.7757538  -999.250000 98.350692749 0.2327757776 2.0000000000 3.9340276718 0.0023448963
 3473.9742042  -999.250000 98.350692749 0.2327757776 2.0000000000 3.9340276718 0.0023448963
 3473.9764049  -999.250000 0.0000000000 0.0000000000 3.0000000000 0.0000000000 0.0046799453
 3476.1736611  -999.250000 0.0000000000 0.0000000000 3.0000000000 0.0000000000 0.0046799453
 3476.1758605  -999.250000 263.86422729 0.1971932948 1.0000000000 10.554569244 0.0028190350
 3478.3721319  -999.250000 263.86422729 0.1971932948 1.0000000000 10.554569244 0.0028190350
 3478.3743304  -999.250000 165.22187805 0.1493628770 1.0000000000 6.6088752747 0.0029301275
 3480.5695396  -999.250000 165.22187805 0.1493628770 1.0000000000 6.6088752747 0.0029301275
 3480.5717370  -999.250000 60.282619476 0.1042579189 2.0000000000 2.4113047123 0.0023081549
 3482.7657580  -999.250000 60.282619476 0.1042579189 2.0000000000 2.4113047123 0.0023081549
 3482.7679543  -999.250000 0.0000000000 0.0000000000 3.0000000000 0.0000000000 0.0017267779
 3484.9610038  -999.250000 0.0000000000 0.0000000000 3.0000000000 0.0000000000 0.0017267779
 3484.9631990  -999.250000 229.50646973 0.1738409251 1.0000000000 9.1802587509 0.0024561528
 3487.1551894  -999.250000 229.50646973 0.1738409251 1.0000000000 9.1802587509 0.0024561528
 3487.1573835  -999.250000 150.90495300 0.1698385775 1.0000000000 6.0361981392 0.0047482997
 3489.3481917  -999.250000 150.90495300 0.1698385775 1.0000000000 6.0361981392 0.0047482997
 3489.3503847  -999.250000 319.22503662 0.2873504758 1.0000000000 12.769001007 0.0038459534
 3491.5402174  -999.250000 319.22503662 0.2873504758 1.0000000000 12.769001007 0.0038459534
 3491.5424094  -999.250000 400.72872925 0.2698015273 1.0000000000 16.029150009 0.0057657254
 3493.7312042  -999.250000 400.72872925 0.2698015273 1.0000000000 16.029150009 0.0057657254
 3493.7333952  -999.250000 81.943595886 0.1575597823 2.0000000000 3.2777438164 0.0013902502
 3495.9210139  -999.250000 81.943595886 0.1575597823 2.0000000000 3.2777438164 0.0013902502
 3495.9232037  -999.250000 83.945007324 0.1141867638 2.0000000000 3.3578002453 0.0027204894
 3498.1098816  -999.250000 83.945007324 0.1141867638 2.0000000000 3.3578002453 0.0027204894
 3498.1120705  -999.250000 83.522941589 0.1462143809 2.0000000000 3.3409175873 0.0052903355
 3500.2976625  -999.250000 83.522941589 0.1462143809 2.0000000000 3.3409175873 0.0052903355
 3500.2998502  -999.250000 55.018836975 0.1900186837 2.0000000000 2.2007534504 0.0020277323
 3502.4843024  -999.250000 55.018836975 0.1900186837 2.0000000000 2.2007534504 0.0020277323
 3502.4864890  -999.250000 36.922164917 0.0685482100 2.0000000000 1.4768866301 0.0041923509
 3504.6700095  -999.250000 36.922164917 0.0685482100 2.0000000000 1.4768866301 0.0041923509
 3504.6721952  -999.250000 64.257354736 0.1669375598 2.0000000000 2.5702941418 0.0035721695
 3506.8546328  -999.250000 64.257354736 0.1669375598 2.0000000000 2.5702941418 0.0035721695
 3506.8568174  -999.250000 70.151756287 0.1851508468 2.0000000000 2.8060703278 0.0016512770
 3509.0381259  -999.250000 70.151756287 0.1851508468 2.0000000000 2.8060703278 0.0016512770
 3509.0403094  -999.250000 57.564884186 0.1080737039 2.0000000000 2.3025953770 0.0024211598
 3511.2206951  -999.250000 57.564884186 0.1080737039 2.0000000000 2.3025953770 0.0024211598
 3511.2228777  -999.250000 35.199867249 0.1175252274 2.0000000000 1.4079947472 0.0036112175
 3513.4021858  -999.250000 35.199867249 0.1175252274 2.0000000000 1.4079947472 0.0036112175
 3513.4043673  -999.250000 52.068363190 0.0796970651 2.0000000000 2.0827345848 0.0031652823
 3515.5825544  -999.250000 52.068363190 0.0796970651 2.0000000000 2.0827345848 0.0031652823
 3515.5847348  -999.250000 267.44641113 0.2203427553 1.0000000000 10.697856903 0.0009855225
 3517.7620082  -999.250000 267.44641113 0.2203427553 1.0000000000 10.697856903 0.0009855225
 3517.7641877  -999.250000 417.03741455 0.3028377891 1.0000000000 16.681495667 0.0014061492
 3519.9403847  -999.250000 417.03741455 0.3028377891 1.0000000000 16.681495667 0.0014061492
 3519.9425631  -999.250000 311.33145142 0.2096122503 1.0000000000 12.453258514 0.0047260462
 3522.1176523  -999.250000 311.33145142 0.2096122503 1.0000000000 12.453258514 0.0047260462
 3522.1198296  -999.250000 183.92762756 0.1548610926 1.0000000000 7.3571052551 0.0038451359
 3524.2927513  -999.250000 183.92762756 0.1548610926 1.0000000000 7.3571052551 0.0038451359
 3524.2949264  -999.250000 168.66000366 0.1480402201 1.0000000000 6.7464003563 0.0013743041
 3526.4667072  -999.250000 168.66000366 0.1480402201 1.0000000000 6.7464003563 0.0013743041
 3526.4688811  -999.250000 174.16317749 0.1934766173 1.0000000000 6.9665269852 0.0045077140
 3528.6395727  -999.250000 174.16317749 0.1934766173 1.0000000000 6.9665269852 0.0045077140
 3528.6417455  -999.250000 60.650928497 0.1283547729 2.0000000000 2.4260370731 0.0019489100
 3530.8115469  -999.250000 60.650928497 0.1283547729 2.0000000000 2.4260370731 0.0019489100
 3530.8137189  -999.250000 64.859329224 0.1594687253 2.0000000000 2.5943732262 0.0022196621
 3532.9824571  -999.250000 64.859329224 0.1594687253 2.0000000000 2.5943732262 0.0022196621
 3532.9846280  -999.250000 33.422294617 0.0799752325 2.0000000000 1.3368917704 0.0027836841
 3535.1522892  -999.250000 33.422294617 0.0799752325 2.0000000000 1.3368917704 0.0027836841
 3535.1544590  -999.250000 38.035083771 0.0482322723 2.0000000000 1.5214033127 0.0015215775
 3537.3212344  -999.250000 38.035083771 0.0482322723 2.0000000000 1.5214033127 0.0015215775
 3537.3234033  -999.250000 52.202648163 0.0922859237 2.0000000000 2.0881059170 0.0036943567
 3539.4891253  -999.250000 52.202648163 0.0922859237 2.0000000000 2.0881059170 0.0036943567
 3539.4912932  -999.250000 63.101070404 0.1258400232 2.0000000000 2.5240428448 0.0036484511
 3541.6560096  -999.250000 63.101070404 0.1258400232 2.0000000000 2.5240428448 0.0036484511
 3541.6581765  -999.250000 0.0000000000 0.0000000000 3.0000000000 0.0000000000 0.0025907818
 3543.8218880  -999.250000 0.0000000000 0.0000000000 3.0000000000 0.0000000000 0.0025907818
 3543.8240539  -999.250000 0.0000000000 0.0000000000 3.0000000000 0.0000000000 0.0056497115
 3545.9867759  -999.250000 0.0000000000 0.0000000000 3.0000000000 0.0000000000 0.0056497115
 3545.9889407  -999.250000 77.104591370 0.1932523698 2.0000000000 3.0841836929 0.0021026724
 3548.1506680  -999.250000 77.104591370 0.1932523698 2.0000000000 3.0841836929 0.0021026724
 3548.1528319  -999.250000 81.541618347 0.1986136138 2.0000000000 3.2616646290 0.0026999125
 3550.3135751  -999.250000 81.541618347 0.1986136138 2.0000000000 3.2616646290 0.0026999125
 3550.3157380  -999.250000 66.350166321 0.1732975543 2.0000000000 2.6540067196 0.0030372445
 3552.4754867  -999.250000 66.350166321 0.1732975543 2.0000000000 2.6540067196 0.0030372445
 3552.4776486  -999.250000 48.837806702 0.1072931960 2.0000000000 1.9535123110 0.0026874945
 3554.6364103  -999.250000 48.837806702 0.1072931960 2.0000000000 1.9535123110 0.0026874945
 3554.6385712  -999.250000 254.86094666 0.2796481848 1.0000000000 10.194437981 0.0035781884
 3556.7963581  -999.250000 254.86094666 0.2796481848 1.0000000000 10.194437981 0.0035781884
 3556.7985181  -999.250000 157.43435669 0.1670709699 1.0000000000 6.2973742485 0.0022542749
 3558.9553162  -999.250000 157.43435669 0.1670709699 1.0000000000 6.2973742485 0.0022542749
 3558.9574751  -999.250000 0.0000000000 0.0000000000 3.0000000000 0.0000000000 0.0010592486
 3561.1133019  -999.250000 0.0000000000 0.0000000000 3.0000000000 0.0000000000 0.0010592486
 3561.1154599  -999.250000 66.812675476 0.1358800083 2.0000000000 2.6725070477 0.0028179898
 3563.2703193  -999.250000 66.812675476 0.1358800083 2.0000000000 2.6725070477 0.0028179898
 3563.2724764  -999.250000 389.00271606 0.2564645708 1.0000000000 15.560108185 0.0037647870
 3565.4263476  -999.250000 389.00271606 0.2564645708 1.0000000000 15.560108185 0.0037647870
 3565.4285036  -999.250000 318.95953369 0.2450791597 1.0000000000 12.758380890 0.0007007050
 3567.5814034  -999.250000 318.95953369 0.2450791597 1.0000000000 12.758380890 0.0007007050
 3567.5835584  -999.250000 53.871204376 0.1354434937 2.0000000000 2.1548480988 0.0025184012
 3569.7355227  -999.250000 53.871204376 0.1354434937 2.0000000000 2.1548480988 0.0025184012
 3569.7376769  -999.250000 44.000728607 0.1221490428 2.0000000000 1.7600291967 0.0019432835
 3571.8886444  -999.250000 44.000728607 0.1221490428 2.0000000000 1.7600291967 0.0019432835
 3571.8907975  -999.250000 64.443298340 0.1621657163 2.0000000000 2.5777318478 0.0014019370
 3574.0408015  -999.250000 64.443298340 0.1621657163 2.0000000000 2.5777318478 0.0014019370
 3574.0429536  -999.250000 0.0000000000 0.0000000000 3.0000000000 0.0000000000 0.0028915312
 3576.1920277  -999.250000 0.0000000000 0.0000000000 3.0000000000 0.0000000000 0.0028915312
 3576.1941789  -999.250000 0.0000000000 0.0000000000 3.0000000000 0.0000000000 0.0028883333
 3578.3422658  -999.250000 0.0000000000 0.0000000000 3.0000000000 0.0000000000 0.0028883333
 3578.3444160  -999.250000 194.59774780 0.2292823493 1.0000000000 7.7839097977 0.0025233969
 3580.4915583  -999.250000 194.59774780 0.2292823493 1.0000000000 7.7839097977 0.0025233969
 3580.4937076  -999.250000 82.377754211 0.2301963717 2.0000000000 3.2951102257 0.0011577641
 3582.6399242  -999.250000 82.377754211 0.2301963717 2.0000000000 3.2951102257 0.0011577641
 3582.6420725  -999.250000 95.544464111 0.1791220158 2.0000000000 3.8217785358 0.0031572273
 3584.7873024  -999.250000 95.544464111 0.1791220158 2.0000000000 3.8217785358 0.0031572273
 3584.7894498  -999.250000  -999.250000  -999.250000  -999.250000  -999.250000  -999.250000
